FX.DemoWindow_0=1025.5999755859375,285.6000061035156,456,274.3999938964844,N
FX.DemoWindow_0.BorderPane.BorderPane.FxDockTabPane.SEL=0
FX.DemoWindow_0.SETTINGS.CHECKBOX_MENU=false
FX.DemoWindow_0.T.tab=0
FX.DemoWindow_0.layout=T,1,P,TestControler
FX.DemoWindow_1=1635.199951171875,172.8000030517578,456.79998779296875,246.39999389648438,N
FX.DemoWindow_1.BorderPane.BorderPane.FxDockTabPane.SEL=0
FX.DemoWindow_1.SETTINGS.CHECKBOX_MENU=false
FX.DemoWindow_1.T.tab=0
FX.DemoWindow_1.layout=T,1,P,Personne
FX.WINDOWS=2,DemoWindow,1,DemoWindow,0
